1f1uA02
0, ,1.44435876632324
1,E,1.4068500159067245
2,E,1.2483656699947636
3,E,1.0687630774013017
4,E,1.33506093718808
5,E,1.1885793063073722
6,E,1.248611029623263
7,E,1.2553127242225637
8,E,0.9633663811044492
9,S,0.8217613934756047
10, ,0.9155558833063505
11,H,1.1678072712902403
12,H,0.9113674856891308
13,H,1.0780727448539993
14,H,0.8059524163246904
15,H,1.1080916304647483
16,H,1.3894444408975322
17,H,1.6891700042348226
18,H,1.6285496643859316
19,H,1.2545364289533167
20,H,1.2470411300414568
21,T,0.9899886250789472
22,T,0.7963695054563034
23, ,0.8330815048300401
24,E,0.8871450653055082
25,E,0.9619208340122946
26,E,0.6937566288841531
27,E,0.5359558663499023
28,E,0.31770829489209595
29,E,0.3254131374283475
30,E,0.7551935790664713
31, ,0.5074584802494274
32,T,0.6926143639772915
33,T,0.5111780458843784
34, ,0.4996018920551198
35, ,0.42722679363582794
36,E,0.2908750031255848
37,E,0.40584815047395223
38,E,0.2942476636217512
39,E,0.43380839575925134
40,E,0.48173101240220206
41,E,0.5136188526450137
42,E,0.7120181064228301
43,S,0.5182128304143065
44,S,0.6375598885328638
45,S,0.9196188470812748
46,S,0.6085329676472944
47,S,0.42447140018365037
48, ,0.2285232087634537
49,S,0.2762208195283328
50,E,0.5180101419657868
51,E,0.33425941850350854
52,E,0.42372510582119843
53,E,0.3136709246974358
54,E,0.3223420025982367
55,S,0.5319095836639367
56,S,0.4880897004499898
57,S,0.44322547406660123
58,S,0.6176983988929311
59,E,0.4632654663202088
60,E,0.9783377000385073
61,E,1.100998620538827
62,E,0.788163914384069
63,E,1.0789795866552796
64,E,1.0732239353249144
65,E,1.3592626389845144
66,E,1.4821535740046052
67, ,1.3496591838904135
68,S,1.2278771692260528
69,S,1.0259899474416678
70,H,0.9409037709196915
71,H,0.9474027687251708
72,H,0.8424350946403308
73,H,0.6125082472702539
74,H,0.09407975209895621
75,H,0.2059204663936282
76,H,0.3368343932180498
77,H,0.8338395740990848
78,H,0.920738842681388
79,H,1.041709231410173
80,H,1.138518711227572
81,H,1.480259592682821
82,H,1.3186854158183094
83,T,1.1837485858797219
84,T,0.960639828372228
85, ,0.693463775626698
86,G,0.34555184329062344
87,G,0.45333766895336564
88,G,0.40474279233502164
89,E,0.3130485392206675
90,E,0.5759202401297102
91,E,0.6894785451935678
92,E,0.7665450252380731
93,E,0.5014197356444687
94,E,0.3642819352724652
95,E,0.2836066687980359
96, ,0.5508784955706859
97,S,0.39106503957280186
98,T,0.31246686626005615
99,T,0.2294780722121942
100, ,0.5367222873600112
101, ,0.7540145887402651
102,E,0.6006231787270198
103,E,0.614185394118633
104,E,0.659917393270502
105,E,0.9030396768513904
106,E,0.8549646643668657
107,E,0.6971837786406171
108, ,0.4437130886408338
109,T,0.38864027775561005
110,T,0.2934517217321192
111, ,0.28084769187421676
112, ,0.3745501219304591
113,E,0.2855229045054768
114,E,0.14737675825681598
115,E,0.37661404865872367
116,E,0.29584624459232295
117,E,0.21838625575659915
118,E,0.291618596129051
119, ,0.31326927875697
120, ,0.08452929410146383
121, ,0.5288063283301192
122, ,0.6951855932908567
123, ,0.7738623784685067
124, ,0.5995061690388206
125,S,0.5030653072911846
126,T,0.7397318950314397
127,T,0.7552111543883483
128, ,0.5828756283665253
129, ,0.7872528632833959
130, ,0.7903092735836049
131,E,0.7498701900358067
132,E,0.32557161449221517
133,E,0.3843345013534894
134,E,0.13727623525078414
135,T,0.5701473520999824
136,T,0.5911359666977302
137, ,0.3989058564084726
138,G,0.4860409049061763
139,G,0.6571417151246131
140,G,0.5166577806422102
141,T,0.24669826610581955
142, ,0.621032794172912
143,T,0.7223259446730551
144,T,0.5175483949616054
145, 
146, 
147, 
148, 
149, 
150,G
151,G
152,G
153,G
154,T
155, 
156, 
157,B
158, 
