1mgpA02
0, ,0.8148208197924917
1, ,0.39833163167494023
2, ,0.5987307603786972
3,E,0.808055606062351
4,E,0.9792284943350477
5,E,0.8799895246149391
6,E,0.6567003790255582
7,E,0.5962957808846567
8,E,0.6688381377246874
9,E,0.5441979227566434
10,S,0.41580108810953453
11, ,0.4119220474898152
12,T,0.49267166885819197
13,H,0.31051732942602717
14,H,0.13600970267556636
15,H,0.18979873896938265
16,H,0.6112375789581288
17,H,0.8705886418121408
18,H,1.3028861137241325
19,T,1.5161941265243866
20, ,1.3982942411781638
21, ,1.2653134633847714
22, ,0.9911647428488453
23, ,0.7990158981036024
24,T,0.976809426003444
25,T,0.7929943020515501
26,E,0.3463589488128452
27,E,0.3468885231427326
28,E,0.2500176740505831
29,E,0.2057189179756605
30,E,0.14058299473427638
31,E,0.2810081007211315
32,E,0.0014881850550222237
33,E,0.32163406674768386
34,T,0.303183000121814
35,T,0.535893344605442
36,E,0.2766387694233037
37,E,0.48196931399194587
38,E,0.3768430630513128
39,E,0.6421828781731896
40,E,0.4488704959686103
41,E,0.3889283249999581
42,E,0.3134232706149173
43,E,0.44846946592480585
44,E,0.538670332647087
45,S,0.7319058531396964
46,H,0.9414762483929678
47,H,1.1030353969067612
48,H,1.2974293903129466
49,H,1.5004289346501527
50,H,1.2597517046997082
51,H,1.6531993239609413
52,H,1.6218306085776966
53,H,1.5205342054505033
54,H,1.3561483938001375
55,H,1.5565823374305627
56,H,1.6553544386608456
57,H,1.5081647638393787
58,H,1.4737659207042253
59,T,1.1702511949404164
60,T,1.335112166148369
61,S,1.4505012336466307
62, ,0.9815404033450646
63,T,0.692142938703888
64,T,0.23375068841460805
65, ,0.29203824193232275
66,E,0.054967798897317545
67,E,0.3040842625094814
68,E,0.04644768256217414
69,E,0.2319478080538119
70,E,0.3815447609241744
71,E,0.23318865802170574
72,E,0.531274508384981
73,E,0.5575845883453943
74,S,0.3800632091393305
75,S,0.8236967116431922
76, ,0.8926287050373344
77,H,0.5463546221712121
78,H,0.660335693588322
79,H,0.5445797233934532
80,H,0.547925330660124
81,H,0.7853569917481497
82,H,0.8779462630079042
83,H,1.1949258398913796
84,H,1.0143271562880145
85,H,1.1451479255704202
86,H,1.3714830476543034
87,H,1.342652536104829
88,T,1.620079252034532
89,T,1.4042537909186203
90,T,1.842839014632389
91,S,1.9656254623392866
92,E,1.890441708698438
93,E,1.9561274337239702
94,E,1.7566264587000757
95,E,1.7783398798268795
96,E,1.5943094814486034
97,E,1.6090322659757281
98,E,1.6451822910062157
99,E,1.898631031794711
100, ,1.945778702599789
101, ,1.7343126041118455
102, ,1.5131614888831175
103,H,1.3553839154830292
104,H,1.3597496649564167
105,H,1.16773781083625
106,H,1.0923764046887896
107,H,0.7911620508762554
108,H,0.48745025122250435
109,H,0.3982852865114502
110, ,0.5784694465417198
111,T,0.6049181746843615
112,T,0.12922579243563972
113, ,0.3973133134695052
114,E,0.6604809261391406
115,E,0.8745614639787543
116,E,1.0694110820535556
117,E,1.0053116144329022
118,E,0.8579497678515923
119,E,0.7073661627455738
120,E
121, 
