2b4aA00
0, ,0.8790389531662741
1, ,1.0340396535601861
2, ,0.8530091789078369
3,E,0.6249082799560657
4,E,0.42045990207143774
5,E,0.7475494168330121
6,E,0.4738828454360354
7,E,0.5972036710936133
8, ,0.4269538491249845
9,S,0.3328029800405482
10, ,0.4940893010113755
11,H,0.3694766165412251
12,H,0.15915820123164717
13,H,0.2049227079491468
14,H,0.413994398535834
15,H,0.1445710411318637
16,H,0.31243315798915366
17,H,0.47040737866395715
18,H,0.7028563654904791
19,H,0.6153890927750223
20,H,0.7165353381397371
21,H,0.6555073581694278
22,H,0.5984874473138527
23,H,0.8156853074377625
24,T,1.028827073604211
25,T,0.8609125155213505
26, ,0.8273604848522681
27,E,1.2265344301723196
28,E,1.1688276199718588
29,E,0.9074732561832046
30,E,0.8522341803807046
31,E,0.4932831933805685
32,S,0.6297309725211736
33,S,0.5757352808023846
34,H,0.49308449236997515
35,H,0.29665429166939034
36,H,0.33671738979221255
37,H,0.1842464081674921
38,H,0.6034177172184628
39,H,0.4838766130818365
40,T,0.15391384469764338
41,G,0.2481845393807326
42,G,0.6932237823349563
43,G,0.8801773223598839
44,G,0.5883742702984238
45,G,0.5738447004949503
46,S,0.4740771214671904
47, ,0.3187974584738773
48,S,0.22003933862271027
49,E,0.06546481714303937
50,E,0.2118084307989659
51,E,0.20405940343304999
52,E,0.23142991633425233
53,E,0.10492309969776527
54,T,0.12122572747748599
55,T,0.36726564377843995
56, ,0.3520223614939357
57,T,0.5207597105587743
58,T,0.7199422873316814
59,S,0.702227604581347
60, ,0.6905648254039112
61,H,0.6211266846198235
62,H,0.5023339890650547
63,H,0.4439529014672316
64,H,0.19589978292982754
65,H,0.647359645323596
66,H,0.9283675917447536
67,H,1.1619902220980889
68,H,1.3985432120078274
69,T,1.293698005776424
70,T,1.1369538446313914
71,S,0.8310302520305818
72,S,1.0550856678070752
73,S,1.4173080363569523
74, ,1.325765031216434
75, ,1.0393865214012872
76,E,0.8889819294972512
77,E,1.0144864440231525
78,E,0.9812833963269705
79,E,0.7428364018300069
80,E,0.5319573197723061
81,E,0.5381075580121367
82,S,0.2563114919939165
83, ,0.538122930790257
84, ,0.4940509422116898
85, ,0.26198924838136706
86, ,0.5091013687162339
87, ,0.639810437243655
88, ,0.7851747559891032
89, ,0.6932899868292461
90,S,0.6713705823422698
91,S,0.7014711241776085
92,S,1.0646118952195573
93, ,0.9280422487738688
94,E,0.8833582238350869
95,E,0.9334664216808487
96,E,0.9437772164685879
97,E,1.1672188274962054
98,E,1.4051541309249709
99,S,1.565514091585857
100,S,1.3650545181270755
101, ,1.3830821881640603
102, ,1.146087169924839
103,H,0.6861902224496396
104,H,0.6347139845763894
105,H,0.5904733757822963
106,H,0.3326687560788033
107,H,0.4092179715155506
108,H,0.420541739520978
109,H,0.2139273915362711
110,H,0.1724576778098769
111,H,0.3735222109397094
112,H,0.6626156407985649
113,T,0.5264954274116869
114, ,0.7729006659248213
115, ,0.7898141781276011
116, ,0.8908497865929874
