2el8A01
0, ,0.4397346851146551
1, ,0.5377650282295912
2,H,0.5813755695623691
3,H,0.743479852930506
4,H,0.9330284298454125
5,H,1.327688336608759
6,H,1.1686721395822788
7,H,1.2781000092971624
8,H,1.4218013773787064
9,H,1.1845287459032408
10,H,1.0702751332448415
11,H,1.0302162342386676
12,S,0.9649241276336469
13,S,1.099380177948805
14,T,1.2989876469186217
15,T,1.0874007412844746
16, ,1.281889451926188
17,S,1.3104739068734093
18,B,0.8717808129529825
19,E,1.0282702427918868
20,E,0.8009122693004721
21,E,0.8851652348861657
22,E,0.7168732898132326
23, ,0.8380080217924927
24, ,0.8715087587577963
25,S,1.0836349621889483
26,S,0.9333276585542918
27,S,0.9220855644673613
28,S,1.0963396618704762
29,S,0.8556379450934497
30,E,1.1453967222681039
31,E,1.2040276345749323
32,E,1.2779070704243325
33,E,1.2486442802042461
34,E,1.164049018647564
35, ,0.8889942117657562
36, ,0.6789358447691373
37, ,0.46821938340892433
38,B,0.5225634174806374
39,T,0.3248541740537304
40,T,0.30352104989579426
41,B,0.46708899718909436
42, ,0.4714414788769427
43, ,0.7949776599165213
44, ,0.5531706561420786
45,E,0.9628052330612906
46,E,1.0442729979004415
47,E,1.1726104074005799
48, ,1.3705024865572852
49,B,1.1465307036079802
50, ,1.1629793393590826
51, ,1.3745237333802833
52,B,1.0114804696088788
53,T,0.847633979376859
54,T,0.8294158231062422
55,B,0.7163785801910129
56, ,0.7112518536658384
57, ,0.7370971889196003
58,B,0.6935012405647822
59,S,0.41215270247639163
60,S,0.3765815607117817
61,S,0.5648748869103546
62,S,0.9052757276075637
63, ,1.0064038651860363
64, ,0.9927861271982013
65, ,1.1172694450580851
66, ,1.1051099651721201
67,S,1.1531386831520212
68,S,1.2925804823305256
69,H,1.3820690175779768
70,H,1.2512434974509685
71,H,1.029061300068117
72,H,1.2102594789560868
73,H,1.376461763735858
74,H,1.2233024745666572
75,H,1.031164885780163
76,H,1.0944366589725363
77,H
78,H
79,H
80,S
81,S
82,S
83, 
84, 
85, 
86,B
87, 
88, 
89, 
90, 
