2x7jA03
0, ,1.1918641177167852
1,T,1.4937789776097794
2,T,1.7076086771441117
3,S,1.6472015446151738
4,H,1.3004047032590964
5,H,1.4816343584953802
6,H,1.5107814915697906
7,H,1.5794359009497358
8,H,1.4425603212810587
9,H,1.2271138100686694
10,H,0.9421039348503193
11,H,0.8022175940412698
12,H,0.5196255456908393
13,H,0.5369695347448092
14,H,0.47468806228925714
15,S,0.7448085128732297
16, ,0.25553703075558865
17,T,0.4578245561680077
18,T,0.3462836888481038
19, ,0.4992182001956787
20,E,0.5196576277610543
21,E,0.544643722857692
22,E,0.493167460787463
23,E,0.610145047719129
24, ,1.0102893353349551
25,T,0.8049219135708535
26,T,0.9700142223673993
27,H,1.244117169963033
28,H,1.3417666685204659
29,H,1.59500761249972
30,H,1.6061193033521213
31,H,1.1343240029024675
32,H,1.1108614888654786
33,H,0.8903688766962872
34,H,0.948442315875057
35,H,0.8587003121871503
36, ,0.7207895990114999
37, ,0.5570400699895358
38, ,0.6347177358040255
39, ,0.4541885998157394
40,S,0.9117738656460187
41, ,1.1409811635136409
42, ,0.8663431699278485
43, ,1.117664155649816
44,E,1.0190820128858915
45,E,1.0238777413227511
46,E,1.3403309252567484
47, ,1.4853485358949983
48, ,1.5377384790960151
49,T,1.4441296702033657
50,T,1.3217532876481772
51,T,1.4815363388182703
52, ,1.6348122810712045
53, ,1.413776596453099
54,S,1.3753277773671344
55,S,1.14020133564507
56,S,0.8472522542302359
57,H,0.7870052379482259
58,H,0.8250295262779151
59,H,0.7223350113115676
60,H,0.556922059263068
61,H,0.8613643868001328
62,H,0.750883031717924
63,H,0.8526595756520989
64,H,0.7818388079476323
65,H,0.868853006430589
66,H,0.7593745629708014
67,H,0.3970200217704541
68,H,0.33918914238403924
69,T,0.25820107984275714
70,S,0.44414143602223966
71, ,0.5028493275784357
72,E,0.36218823331120054
73,E,0.398323444148499
74,E,0.47167904988437376
75,E,0.4488591857024001
76,E,0.28126226544294014
77,E,0.5377725688965842
78,H,0.2900585844473061
79,H,0.5202459250429396
80,H,0.5764030732731127
81,H,0.5588375712599095
82,H,0.4940929384806441
83,H,0.586486059092941
84,T,0.3873985553582846
85,G,0.5693240824936131
86,G,0.33195950575849736
87,G,0.3901182691482273
88,G,0.5233323796872434
89,H,0.3074150576009441
90,H,0.625395549038716
91,H,0.44702825573212107
92,H,0.23525280093360693
93,H,0.22266574968363737
94,H,0.086380278461539
95, ,0.3536322530173567
96, ,0.6440219098725602
97, ,0.38846175463949945
98,E,0.39755886204591895
99,E,0.6181800419061751
100,E,0.8968116869929502
101,E,0.8301473318076454
102,E,1.2736452218148668
103,E,1.3985842682240242
104,E,1.0926681865435806
105, ,1.2753352911182
106,S,1.1330838931508078
107,S,1.1695139144308628
108, ,1.2289049316434248
109,G,1.0399815539349035
110,G,0.8984603618922653
111,G,0.438216968730793
112,G,0.2159264790963555
113,G,0.21708592150131806
114,S,0.015941948268145028
115,G,0.28079192466196357
116,G,0.19377261592387562
117,G,0.40511501083962537
118,S,0.4980644243432621
119, ,0.6151620402841
120,H,0.7490482600889624
121,H,0.5331990048839784
122,H,0.6463340374407625
123,H,0.45620763232281875
124,I,0.3187146910949366
125,I,0.3215776126707197
126,I,0.10786039663131859
127,I,0.3017035095174932
128,I,0.11921122517655786
129, ,0.13799782012641584
130, ,0.14774494240364502
131, ,0.05543532505775118
132, ,0.03952466798135753
133, ,0.07723455211657261
134, ,0.2998521373389354
135,T,0.41857105860593713
136,H,0.3267014180934973
137,H,0.11573238245571324
138,H,0.29180848522457453
139,H,0.5713168272255029
140,H,0.6877599485360303
141,H,0.8283888210141553
142,T,0.7094444212543931
143,T,0.6654260052999529
144, ,0.752970349274299
145,E,0.7457211916894825
146,E,0.6149347203003251
147,E,0.5514572350522019
148, ,0.3441196464987361
149, ,0.19534929393061903
150,S,0.36331802297632526
151,S,0.542595067108602
152,H,0.4515811733051785
153,H,0.5034328673787694
154,H,0.2320581752533565
155,H,0.26332816431464556
156,H,0.4568752225987466
157,H,0.9417061968379802
158,H,1.1149300544875167
159, ,1.0999870870575306
160, ,0.8744160362573954
161, ,0.783186828949455
162, ,0.9311559740754618
163, ,0.6830405347149006
164,S,0.37305056781205337
165,S,0.5267233791403123
166, ,0.6377486717035311
167, ,0.7044201566079943
168,E,0.6123146139482168
169,E,0.4833324168085334
170,E,0.2740281004101332
171,E,0.2061583652557429
172,E,0.48735387899609056
173,E,0.6989029882938715
174,E,0.4255534322817022
175, ,0.5233652310157485
176, ,0.5332854099000739
177,H,0.7539921639955159
178,H,1.0171200245288778
179,H,1.2273922400949213
180,H,1.2081996631968994
181,H,1.6505061337300972
182,H,1.6034979426754428
183,H,1.586389727524219
184,H,1.543456498762487
185,H,1.7006426270877553
186,H,1.9293444991918214
187,H,1.577982874998782
188,H
189,H
190,H
191,H
192,H
193,H
194,H
195,H
196,H
197,H
198,H
199,H
200,H
201, 
