3gkuA03
0, ,1.095407884994493
1,H,0.8911155193537337
2,H,1.241722900236038
3,H,1.4402155829303758
4,H,1.3706377798501088
5,H,1.0901061749479373
6,H,1.5911659188506653
7,H,1.8491578688568304
8,H,1.8483983787991811
9,H,1.804110572113652
10,H,1.4317616955328667
11,H,1.6625120421616009
12,H,1.6271356672442086
13,H,1.7917846747028001
14,H,1.6992464726847816
15,H,1.2697002892138058
16,H,1.0384399570377385
17,H,0.689310610977777
18,H,0.646341268514695
19,H,0.7250968127314933
20,H,0.619716555818007
21,H,0.3635003596129357
22,H,0.45288159869902783
23,H,0.2549082056352964
24, ,0.10731428532737754
25,S,0.560091466816857
26, ,0.7695369771525431
27,E,0.9592059511260562
28,E,1.1999623560069892
29, ,1.3532572121119284
30, ,1.1020825920536998
31, ,1.1197159716297191
32, ,0.9567537574932777
33, ,0.7717042827212601
34,H,1.011050333398674
35,H,0.9529711958553365
36,H,1.227916221262525
37,H,1.519040002096131
38,H,1.4904909171751488
39,H,1.2799379044923442
40,H,1.1620555098946348
41,H,0.8698248099407491
42,H,0.758012132302656
43,H,0.845610463813772
44,T,0.555036636540758
45,T,0.4275376529391456
46,T,0.11971597963045094
47, ,0.25226884716752185
48,S,0.3353939623183383
49,S,0.39224342045035576
50,E,0.603660917093809
51,E,0.36908789569674666
52,E,0.6388093354772334
53,E,0.9116444755189376
54,E,1.1862415892743363
55,E,1.4311354536536427
56,S,1.1986135161059963
57,S,1.0411504133302858
58,T,1.310346203063283
59,T,1.2515204492002139
60,S,1.0498501945672407
61, ,0.8104959698605081
62,E,0.8904444915815274
63,E,0.7112824930093347
64,E,0.3439987161024202
65,E,0.059996193803278884
66,E,0.5200944990339419
67,E,0.32950129464397576
68, ,0.09439447938302757
69, ,0.17017340927833915
70, ,0.33788551884833823
