4ecgA00
0, ,0.43097339661123435
1, ,0.6100087192689265
2,B,0.8573765134471131
3,T,0.8159576801612628
4,T,1.002622206042434
5,B,1.0823222389566822
6, ,0.9491519194761915
7, ,0.7138808650914388
8, ,0.8424587746989787
9, ,0.9047627363537484
10, ,0.5935952835072613
11,S,0.6154833117934587
12, ,0.3525098493841048
13, ,0.39290285696792066
14, ,0.5747610376461637
15, ,0.3633479420042349
16,S,0.11558083132856975
17, ,0.3621569374238771
18, ,0.45797196340250246
19, ,0.6321620799927935
20, ,0.9290717202639046
21,H,0.8513278852891847
22,H,0.6673240805046411
23,H,0.6277693177061635
24,H,0.8253185572414776
25,H,0.725524334957385
26,H,0.8575006455275013
27,I,0.8028168278589615
28,I,1.100292325716179
29,I,1.3018856046393164
30,I,0.932521534143368
31,I,0.7320819554726204
32,H,0.6873425594597699
33,H,0.7564691255128868
34,H,1.0765464854502431
35,H,1.0916947557217198
36,H,0.8630031179614596
37, ,0.686867502325991
38, ,0.6884927354057184
39, ,0.7200984465006869
40, ,0.5622470306488803
41, ,0.7644221447514323
42, ,0.5328588644302843
43, ,0.8120153198086663
44,H,0.5279068447156521
45,H,0.37991429452339
46,H,0.2089678104400173
47,H,0.5083980729540234
48,H,0.6395160568332258
49,H,0.6654958002121226
50,H,0.6967311349735675
51,H,0.8715056457822526
52,H,0.7763795548994523
53,H,0.7429013591097255
54,H,0.8649725950233991
55,H,0.8865865325990163
56, ,1.0694613496298642
57, ,1.0237041132152023
58,H,0.9090115520550364
59,H,0.8719630829180427
60,H,0.5678379430623344
61,H,0.5685357102767928
62,H,0.5440525868718448
63,H,0.8035916142577183
64,H,0.9715691574156813
65,H,1.1241736941994793
66,H,0.9525365439922692
67,H,0.8805828719436896
68,H,0.7292915460893762
69,H,0.9275333642357186
70,H,0.8898714611293742
71,H,0.5210665340396328
72,H,0.323907534628955
73,H,0.40487892229276207
74,H,0.586077517207711
75,H,0.7589841374383375
76,H,0.7975116662021051
77,T,0.8103410423191018
78,T,0.8915279915092376
79,G,1.1090818990218467
80,G,1.0297850005680926
81,G,0.8181376177159813
82, ,0.5813652075535491
83,T,0.7562609286340858
84,T,0.5496799358314883
85,H,0.49711686154409845
86,H,0.7647317557390029
87,H,0.9602577665045374
88,H,1.1424155392204385
89,T,0.8052582252568941
90,T,0.693422743416894
91,H,0.7660484799354083
92,H,0.6148470236734497
93,H,0.8122037495374318
94,H,0.4978552420800854
95,H,0.6707174386932635
96,H,0.799782478171917
97, ,0.7164928807811987
98,S,0.44937211653703923
99,S,0.7492245280790312
100, ,0.5035620285272822
101, ,0.2016669074230046
102,H,0.3316900985182674
103,H,0.6624568687755392
104,H,0.6298764785038385
105,H,0.5671139834590494
106,H,0.8130491492782215
107,H,0.9792485227245901
108,H,0.9303618912747232
109,H,0.7347465099807269
110,H,0.7502314196200888
111,H,0.91206051528652
112, ,0.6997108928135481
113, ,0.6574860332516129
114,G,0.7837124927543165
115,G,0.4640526917295241
116,G,0.26315417163388954
117,G,0.23990949480430282
118,S,0.05884191463348186
119,S,0.4924579939587799
120, ,0.722725597633359
121, ,1.1779450114782153
122, ,1.1226152241100271
123,T,1.1095199950637082
124,T,1.2888386495575388
125,S,1.3975282605808133
126,T,1.3940333082340812
127,T,1.2106920249316717
128, ,1.4113361926416488
129,G,1.1681706272246326
130,G,1.1972673956846802
131,G,1.3520392700959334
132,G,1.3479515435262457
133,S,1.5116687931892245
134,H,1.1338797963891862
135,H,1.1298917468380476
136,H,0.8971601666085695
137,H,0.839426927418102
138,H,0.983265625716959
139,H,0.7502366743241615
140, ,1.0888617579352124
141, ,1.0978281717427145
142, ,0.7819347297270691
143,E,0.5590926826605165
144,E,0.7292590989684993
145,T,0.9084757959573039
146,T,0.6451612212108818
147,E,0.35849935534155203
148,E,0.4414611765965946
149, ,0.3418134593358611
150, ,0.32147947643750324
151,T,0.45507640654587356
152,T,0.3576255678161962
153,T,0.5795073308007984
154,S,0.3938304294454692
155, ,0.612875451659693
156, ,0.2515149872823251
157, ,0.3624777735447561
158,H,0.18064204693531927
159,H,0.43947154618089457
160,H,0.6590705766417252
161,H,0.6592295700520233
162,H,0.7643750963448027
163,H,0.9392010222542173
164,H,0.8670375227337358
165,H,1.0041776378039837
166,H,1.0309927389391833
167,H,1.2425812973640669
168,H,1.1784828160869643
169,H,1.1050330335208791
170, ,1.0240483725248521
171, ,0.9829421405243018
172, ,0.804837279908547
173,H,0.8805509820773949
174,H,0.886172845958885
175,H,0.811833417209307
176,H,1.0246108270330267
177,H,0.7712640605464152
178,H,0.8828220779437185
179,H,1.11187643007326
180,H,0.9315832792253586
181,H,1.0264130715691688
182,H,1.2094932078888214
183,H,0.942185074665503
184,T,1.1929017384409482
185, ,1.0506473366666829
186, ,1.0383049833371376
187, ,0.9632525729183359
188,S,0.9442501140241322
189,S,0.5811113555108961
190,S,0.38092637077550645
191,S,0.31282080691410896
192, ,0.36801507970744113
193,S,0.4592445470953639
194, ,0.3720574752750657
195,T,0.1623814404193559
196,T,0.057230545210385585
197,T,0.2966268783677396
198, ,0.5328329982122434
199, ,0.8788434926841971
200, ,0.6866453727875194
201, ,0.6998341103164268
202, ,0.6921420422304219
203,S,0.5330055462988627
204,S,0.3973478887661854
205,S,0.4951617566811179
206,S,0.4939136433266985
207,T,0.7188423165565422
208,T,0.7953628021266455
209, ,1.0813153579896286
210, ,1.040387266630634
211,S,0.8630622250233909
212,H,1.0639365058532222
213,H,0.7937522446359448
214,H,1.256348275837518
215,H,1.4770520439153925
216,H,1.0595128570676464
217,H,1.0543046066264847
218, ,1.255423660788924
219, ,1.4746932244220876
220, ,1.3978301104757354
221, ,1.1910145515121895
222,T,1.0942132237271556
223,T,1.088185474675615
224,T,1.0822494907053872
225, ,0.844242953229976
226, ,0.8420953530438795
227, ,0.7352846471145114
228,H,0.5817455128594329
229,H,0.831406450044237
230,H,0.6359727417188391
231,H,0.8146589516128578
232,H,0.8130502675895454
233,I,1.0383776486446759
234,I,1.0188538778894627
235,I,0.9243642351109675
236,I,0.6184511871666396
237,I,0.4080099531413496
238,I,0.20415480862629753
239,H,0.17897475020578898
240,H,0.14997433660906495
241,H,0.13595755101940626
242,H,0.2253568978952901
243,H,0.17609787329055046
244,H,0.38562785518680887
245,H,0.26971993428521185
246,H,0.5489864910411053
247,T,0.32924652396040205
248,S,0.4279713790543031
249, ,0.7287978158128582
250, ,0.7962095279424388
251, ,0.5120217902776806
252,T,0.7157658692447829
253,T,0.5253572083816244
254, ,0.4503623339797862
255,T,0.774142307471082
256,T,0.7201405954518242
257, ,0.6115993762834008
258,H,0.635393359326206
259,H,0.32852509936827295
260,H,0.272088228140065
261,H,0.5821933915385392
262,H,0.8119494757517368
263,S,0.6469889183212306
264,T,0.5157207667648679
265,T,0.350540998775279
266,T,0.3918124502492113
267,T,0.18365872457257065
268,T,0.10860746401036389
269,T,0.19127129496593923
270, ,0.23181170391363454
271,H,0.4276897345548358
272,H,0.5495431150768374
273,H,0.6251191046471262
274,H,0.18093440198884497
275,H,0.3998642637560661
276,H,0.7297052651469584
277,H,1.1092096124449824
278,H,1.152068122416907
279,H,1.1739543349496813
280,H,1.2134176265016572
281,H,1.070090770875411
282,H,1.270375845191349
283,H,1.0104207319951575
284,H,0.9502120709297761
285,H,0.723561903797463
286,H,0.5923945163811404
287,H,0.44020718792247854
288,T,0.3773713000843031
289,S,0.5324239378543651
290,T,0.38567767325390917
291,T,0.5035143415516175
292, ,0.9041023279674275
293, ,1.07820626824355
294,G,1.0598532303608914
295,G,0.837453817694835
296,G,0.6469805688995457
297, ,0.41762695266000127
298, ,0.2680584525682953
299,S,0.3111351584052095
300,S,0.44959453937460225
301,S,0.2723769129702286
302,H,0.23413816669922355
303,H,0.25543658002537717
304,H,0.378328505890093
305,H,0.8228298093560336
306,H,0.7757753503113924
307, ,1.166129927713893
308, ,1.3702241348637727
309, ,1.3628107128140066
310, ,1.2985652424571206
311,H,1.43132378905961
312,H,1.6013734848603247
313,H,1.5607255979318464
314,H,1.8406037083437137
315,H,1.6565127341071306
316, ,1.2280293662464774
317, ,1.447174533812415
318, ,1.0601170821259758
319,H,0.7883053142339465
320,H,0.6455192807955842
321,H,0.43580176167807483
322,H,0.11054852095789588
323,H,0.3945667280462077
324,H,0.5921200143686117
325,H,0.5023923082612325
326,H,0.7228713036134625
327,H,0.911495406695046
328,H,0.7599863255959535
329,H,1.025124955072246
330,H,1.002728654697037
331,S,1.0360098037480026
332, ,1.3524535388668666
333,S,1.617163152291755
334,S,1.473758101827893
335,G,1.4779595546864932
336,G,1.23453818964101
337,G,1.4648080881857752
338, ,1.4648276732911008
339,T,1.3203208258227614
340,T,1.2521904429171362
341, ,0.9763529354253702
342,H,1.0305971124692226
343,H,1.211830214787902
344,H,0.7488555724176301
345,H,0.7888693710017215
346,H,0.6425151167303196
347,H,0.6309679660326778
348,H,0.5897773765335528
349,H,0.21698913005671744
350,H,0.4888871539081777
351,H,0.6559475736962639
352,H,1.0517341640461633
353,H,1.173322800104173
354,H,1.372803776678053
355,H,1.4128290467237021
356,H,1.1924141223969567
357,H,1.538632768695295
358,H,1.332249788179005
359,H,0.8877888595768844
360,H,1.08660486267686
361,H,0.8895393667578578
362,H,0.9200788108555468
363,H,0.7092810897166341
364,H,0.8277328559800309
365,T,0.7253183207083113
366,T,1.030936391023331
367, 
